
287106429
661620259
722061729
458834956
117066
128577668
546340449
121583080
364105245
2072899242
435505873
473324789
347975931
445306222
384229493
89088708
422647801
322407293
370848711
193406760
88493491
137706865
110184975
112317475
202375644
214450813
343456786
90082104
220757358
2067134540
331660218
47088481
256010336
±³°ü¿Í 137595667
108200078
85579471
23725204
224972083
202834640
100917433
179283077
160258044
219341669
220451435
196236362
216980908
129637251
136417774
50838673
36080366
181022657
175234344
29872976
47190982
165809625
106900353
168706552
49805630
101820005
109865065
75519164
8531291
33524977
122715591
101081303
73034760
64813383
122763669
102557776
94534817
118516273
34042340
118180487
107715126
63282157
42964911
64362010
118283351
118282305
105624116
19683714
91176015
214170737
37565259
45858531
126214541
109064279
43977951
125485105
63476616
96428269
36128114
91608192
71575760
127891238
39760147
16386416
22183826
93666702
33309740
64289709
110681251
106309060
27646982
45443968
37231452
129020236
130929595
30465194
114595912
122613316
21262721
94205826
66450859
103181013
94515466
143232515
30852589
53696975
123401005
143030252
147806355
16846663
157020008
106961246
142996254
149169420
119626398
86408135
14928582
89014684
62161719
108678939
12586868
91423074
88062007
58380926
40397881
151787301
151963181
51706904
152116849
96152138
2225734
28827255
10076325
56880024
72552999
61355808
3062783
43062845
43079060
71631742
478725016
78061678
54370420
39932558
75337307
48326615
77719202
82333562
62313326
6420189
82439127
13704148
73423725
67274623
31958702
60912860
89384750
89542822
56051011
50234035
86058716
40720806
37113775
10777794
92274073
5554647
54068540
66126930
46535544
73887317
83497189
50289317
57835619
95624274
84473547
13190680
89532706
7087501
101031617
94634978
8168664
12818040
23840311
71173271
38858196
395476599
107014054
107298694
108385394
511749191
44061891
39613403
108923968
111838073
158119488
21524865
106108510
106108510
107013089
50128967
92478598
95448929
53161487
108112862
62108254
112712077
113632441
104636686
27975306
114723208
118312930
111538344
108097644
30842488
112722505
101813475
81535636
2587758
36543397
36091872
36160990
36214320
47645643
45834297
40279171
59316892
840313
59557512
33410174
54620249
13249668
58639853
45890119
41606420
59467159
12479399
17654784
55700051
25264602
57847713
51055338
48397849
51312890
61313112
836511629
62863623
61727831
47259345
14638373
60982517
63649175
47106831
61507806
31667582
19323224
43790223
19935974
42325504
65957913
51762372
65236991
61571564
66269913
26470013
35785819
61271136
14021471
29350054
67746139
67668740
54129487
3481755
54068047
47767087
47744850
54391378
490162773
49731843
67069906
23622693
51179618
65636204
963456
374421093
59548229
63065392
69503485
53414276
29292784
65952488
20182879
43358389
445327227
64600997
61260273
58347988
74011341
69737309
74168313
7662661
72866426
60740618
11965735
38645072
3844227
44540187
27268399
32821027
19028831
34385720
7702488
30276027
6601499
4334392
15905253
38665065
9952598
39786298
13849177
14961903
47345424
648586559
2161631
47228047
785898598
50595553
49450192
50828376
26592399
46697638
41068159
19367285
32605412
2686263
48691658
23243732
38095693
51888999
45849786
584155661
457203939
50654004
15702418
17623367
51231250
44688504
819349674
46668906
19333597
16538556
51957404
55492736
594612
56302027
40924745
260342193
56596091
8985888
54468238
42603668
41018605
40903509