
821286021
821286021
746813607
707312268
682842571
581701400
577494441
260295133
473739032
439525114
290652027
485868377
411069169
201924527
3440785079
516829827
519479004
536454373
285157540
234383263
309792557
305753218
263069697
384034829
203420698
245719747
78664816
194253795
239709882
181879655
308799611
343781906
236025230
60085293
242703015
202706419
318529475
755376
135668788
290762257
261906588
219324969
160970803
120985797
229154948
322392231
52601452
10138775
333490463
138220750
79190556
202633935
94686444
256404004
245300449
55235143
236068605
195598430
218056620
218834500
116018535
90653078
141510742
80401874
73826527
134815181
13738110
45655296
67193667
61227974
30317515
51014658
66260272
895139211
59658083
67627578
60468986
3046282
68145353
24888257
68286490
64723158
61235633
22222950
68581509
67709219
36028387
22423339
64100668
39724218
9245691
67216033
49918939
2784457
12323172
69465848
69323148
67257576
84046921
69345740
13780741
70808575
67622488
70847188
6498315
71593087
70985751
63938987
71971052
13970411
1645593
12129804
62197508
72466624
71487075
72448484
60109503
47177117
4249570
11071577
71606489
52309331
67257530
73273822
469807019
26084306
67257422
71628157
74582462
46606890
72766507
60153188
74757425
75057890
75083375
52320036
36154040
75648108
75874240
72710676
30598907
6184641
76627502
77544955
74602143
55932871
51774379
63730589
52625772
964796102
80119277
81428544
16812399
54102588
80385336
82969120
32801599
59348042
31447444
903790817
44643955
1372372
55521803
987451105
15212211
2951888
31297103
43598050
41255076
34832780
32704855
52628399
21181897
53479475
59778977
47556111
15827018
32568114
59954616
39946005
673911615
40263461
61828049
49745719
47480195
60248804
847678114
61929253
56967703
38289058
61380622
61388188
58406858
37136977
29905399
13681677
62408016
54528561
21511341
14989170
649149870
346930307
62366994
30587827
36630881
16884912
62046167
10050342
56361882
45208293
36094741
50309324
63950131
61857062
24390120
24480340
58725148
60935201
63214947
53250254
52708737
65086077
19787922
65505097
52442846
65435513
51421709
56477023
45543943
65754020
10818417
45598169
62197437
59116963
39443160
65968707
65866264
57906079
56977886
63677699
66042565
51410521
23009559
23009558
23009557
21555034
30500121
13861146
10289777
1047618
15285111
15544766
14645831
17966809
11982005
10153137
7167690
7376551
22548468
36712516
47353220
32152797
47479457
36903020
85002599
11759628
4029649
8415855
48346369
46647320
34716118
532329858
810522
49146844
26713449
51551054
9790956
40681786
52753328
453374074
46196420
2757144
34428872
45924373
137067764
123456789
40133400
6757420
52352625
767606346
39269076
56340379
19936885
116699
52665700
24340868
17624960
44799329
54235630
56905846
16296019
31507320
35218236
33326890
850067682
41120157
36031629
51069005
224768164
57304320
59048203
34986553