546423782
662743056
613170220
792837644
104365360
327901907
650363406
631741046
540926072
562866558
481182356
489456311
171873093
590508832
313792337
609141513
374049745
576943570
641596048
274064090
536219825
587300753
515290342
499910245
565808383
120970079
370546902
173736566
208481335
570349213
158598102
526096019
153084169
275165418
474587556
491644414
210312166
538491455
152253551
148227308
418882180
553724884
296411915
629307883
595653239
486891230
554019863
224037454
156558271
296682472
214097961
578747546
545774418
526197391
598031743
190933303
483925575
573614175
142419275
433851600
346700849
186570868
573037521
198370703
97607137
451651560
374666821
43603725
424113694
195513600
71609587
362285756
191578748
178376191
519535126
142136295
183366359
348660794
207984855
241162610
458506443
8401769
436035350
86533502
180953021
486953473
515100093
491278803
228410404
129688128
429924026
329308077
347258522
80393463
237605274
375582012
68555093
327838255
389636997
392153053
39257433
297274247
126382563
196533214
342986672
211486859
317151143
405205555
105862932
43076594
306602112
243661486
346888520
248896559
329060050
219296713
202310520
317817554
321048868
80172236
285440098
328434227
120444189
170141678
255758984
207033207
117378831
216759451
280474101
336495091
181300952
237462557
131029857
207345024
323143927
102137290
74685092
300903446
301261781
184131681
117297050
284448993
113981830
169805081
195708487
312600087
67950867
167010378
95988678
44364844
145328920
7944806
292449007
197679076
144125532
169318371
165034746
120366877
171150807
875002091
258022240
194873730
182037307
222469778
253684596
237109823
103549699
204059945
130511457
251135406
175049152
95518902
244575622
64402619
61486143
132085929
26171120
3080237
1549632588
154963258
20700421
134597628
236011856
155792382
232999301
69027278
35468448
191665176
134554795
210737125
50499164
109780118
102401998
223991312
4114829537
179336023
91906100
44351803
50313847
79632681
179804215
49977512
131526081
209437066
193998891
38212655
213677690
158417050
91183919
210633802
100590979
181317128
4347642
121901150
131207425
192383173
70809090
23318117
47532478
164828681
129190788
93336259
65120659
90533509
179205335
76788682
68698946
149572378
164704147
143095067
147929060
172720279
172720110
172719904
172714863
149726129
168501218
84923347
168859283
129160658
6407928
169543829
146208476
2506911
1258003
24105763
45916613
114831640
169125817
91509400
87992568
73321656
118598234
30047161
151312146
170703520
75175891
83649317
146208476
165546826
114686101
118678207
30047161
165086319
30047161
171520829
145643702
601554570
125408211
68912776
1084603
20977076
22136811
24441385
28200145
34185544
76860877
102684271
170396291
49851821
48437697
47256700
53280133
70859917
88706135
169225991
132587116
124282416
125221863
123797251
63714122
69428487
25219797
31417522
68969982
75549516
37654473
42612306
59050057
87905995
34894728
35470158
51711104
55583387
65624331
68236389
72499615
59981941
71483876
53478108
9265983
17398054
26401968
31743974
51531595
26788891
33689537
45381457
47538427
50315199
52033951
55344065
58072690
62576750
50981879
69606752
72128434
18175454
13634472
38232494
14706220
16054495
59803040
80869332
82467865
16071098
42337719
49398885
9198932
11409660
11569603
21700758
26504663
67656368
12331545
14536983
40211053
52576446
65591022
66406523
67490856
69961023
9256751
77032057
34583815
6784527
12916038
13476604
7520841
55874701
67040002
8190343
15086045
16362630
22154238
6232603
46911791
85988487
90411549
27624583
3494389
9563761
14718205
16551734
1388052
5601713
16261107
25504928
17566022
9598243
4013943
283228
34255054
39036785
6220829
53138919
54559543
58177899
17454789
49015943
2107523
6649115
46999967
56663072
63101890
78415845
32086982
21094138
55614978
52587288
52897744
47235588
47744718
50044972
50547700
20228081
20925037
31433066
50528488
62580096
87189548
72314970
8153623
82342865
52515788
29145364
55614868
87396707
142410855
79336028
15982397
7883552
82322756
44921752
55290374
62135116
28455161
39742244
96325830
152923569
124336378
134917516
71905855
153147533
144827814
94897398
158460863
126362979
65603146
149886727
144421006
130764046
80229259
149293790
873377583
132676535
125215312
136620073
30398567
129718565
125495570
151416168
58624485
68291902
47972032
94046358
134077155
36372058
57761648
123650541
129212075
145963422
32619393
144641113
146767599
66602453
33419468
123683602
60688181
135342115
146237753
11200419
49808646
32353233
105731292
69133057
128624215
147665160
142788044
147783863
137434920
48807831
20394465
70876413
9996835
88244881
54078921
146439382
146036742
197089947
19005886
146973564
25823957
141894367
112888852
37262329
34179845
50310475
125629981
74407559
74773576
129690676
129977598
111872586
58068135
87400618
59899404
58094831
140745554
106993284
82388091
126933912
139995013
70965468
75337325
35090545
76023949
3544117
119127002
136747258
137985323
138052537
139489881
39615146
139954307
133700297
140623593
37643449
137589266
129658328
122729776
130539497
54653836
130651976
129027149
81324625
124886279
91680254
50650154
80458339
112031567
104269651
275142305
127876820
128920583
123305241
84216787
86668173
69105142
35248132
11536427
125168886
47541788
86466243
127539872
58863543
53704015
70562605
119227257
109734077
119226536
67771860
32098637
69261413
75229562
46727349
118589028
97398569
118642141
8066846
2408722
79097284
79097347
63675290
64232416
96584064
80890430
123282992
90263546
39881391
103765392
96440584
94337665
86372998
94207432
77216083
74265471
34512434
122842130
68010463
7757757
123309461
82259596
16689943
122367099
5336163
24367242
5185188
83658865
89516989
104806232
91053064
118488486
105763913
56063535
8165489
114735195