521326175
459251973
15152815
156829610
610387557
542537010
4794135
454314734
72262189
513470076
538491455
434309137
496107423
256430234
290739726
594702119
652704155
306951246
624796420
537464634
123736243
119859511
535444002
543428610
533914067
625529613
137596284
303517647
169910599
51156315
548763261
8743205
241547206
489467974
130598969
211800360
659710757
572552325
200671607
1413849
616521014
190505930
252537148
39112712
373912069
654205979
633497300
654206939
616800670
628643056
482674043
646887122
653152652
664612959
342285180
553070432
480731595
527838906
426527003
391706968
547247981
579559745
610655068
479183868
610860962
3655195
515328554
571331703
487172860
190807234
461876422
498284484
223194110